CM/[0.8, -0.8, 0.4, 0.8]
Cm/[-0.3, -0.4, 0.3, -0.7]
C#M/[0.4, 0.5, 0.4, 0]
C#m/[0.7, 0.6, 0, -1]
DM/[1, -0.6, 0.8, 0.8]
Dm/[-0.6, 0, -0.2, -0.8]
D#m/[-0.6, -0.2, -0.4, -0.5]
D#M/[0.6, 0.75, -0.2, -0.5]
EM/[1, -0.6, 0.6, 1]
Em/[-0.5, -0.3, -0.4, -0.4]
FM/[-0.6, -0.8, 0.2, 0.2]
Fm/[-0.7, -0.4, -0.3, -0.7]
F#M/[0.3, -0.9, -0.6, 0.6]
F#m/[-0.9, 0.2, 0.4, -0.7]
GM/[-0.6, -1, -0.5, 0.2]
Gm/[0, 0.8, 0.3, -0.4]
G#M/[-0.6, 0.6, -0.8, 0.8]
G#m/[0.7, 0.4, 0.3, -1]
AM/[-0.2, -1, -0.4, 0.7]
Am/[-0.4, -0.2, -0.2, 0.2]
A#M/[0.4, -1, 0.6, 0.6]
A#m/[0.7, 0.9, 0.3, -0.7]
BM/[1, 0.25, 0.8, -0.2]
Bm/[-1, -0.8, -0.7, 0.1]