[-0.07601780183613302, -0.1835677266120911, -0.14415257293730976, 0]
[-0.0465356469154358, -0.16860176324844361, -0.07418867647647859, 0.012588411569595337]
[-0.1279194697737694, -0.14460510537028312, -0.05095319673418999, -0.20879872292280197]
[-0.08653178606182337, -0.14728147052228452, -0.10414015483111144, -0.11971669625490904]
[-0.07559878155589103, -0.18152713775634766, -0.14361516945064068, -0.013546156696975231]
[-0.04748281780630351, -0.15980287790298464, -0.05507619455456736, -0.009699189104139805]
[0.06119279414415357, -0.09847142696380616, 0.2338013410568237, 0.00683536976575852]
[0.25408799499273305, 0.12792152427136896, 0.08836568668484687, -0.14886854141950606]
[0.9225150398910046, -0.26940749287605287, 0.24083015434443952, 0.8980249762535095]
[0.9492018818855286, -0.28476056456565857, 0.21031980495899916, 0.9492018818855286]
[0.8485993474721908, -0.24694468975067138, 0.2585084274411201, 0.815497663617134]
[0.2795207710936665, 0.13760267198085785, 0.631177332997322, 0.06390779018402101]
[0.08902965113520622, -0.1118348728865385, 0.27014883011579516, -0.011073044687509533]
[0.018392329663038248, -0.18530060499906542, -0.08156031891703608, 0.0635325275361538]
[0.14390043988823892, 0.8878042928874492, 0.19286019019782544, -0.15009047761559485]
[0.3256226927042007, 0.11391738355159761, 0.11793249845504762, -0.12146011888980865]
[0.1957748681306839, 0.8612473607063293, 0.19165910864248872, -0.08612473607063294]
[-0.008239604532718665, -0.13634401895105838, -0.010436715185642237, 0.0028811492025852224]
[0.11118324622511863, -0.0792600691318512, 0.35650083124637605, -0.00029444471001624506]
[-0.06790911518037318, -0.16982701197266578, -0.07265827618539333, -0.034904825314879415]
[-0.04341194629669189, -0.17076854407787323, -0.03369698822498321, -0.05156647562980652]
[-0.014616394042968744, -0.10870738346129656, 0.16514632552862168, -0.10160484910011292]
[0.06204143315553666, -0.18368643373250962, -0.1109503298997879, 0.08190181106328964]
[0.3986539948731661, 0.0653061717748642, 0.10866108536720276, -0.02909417636692524]
[0.24738700464367866, -0.04117425493896008, 0.5606104679405689, 0.09079383835196496]
[0.8762171372771264, -0.2506817579269409, 0.2686493657529354, 0.8350560063496232]
[0.9227557118982077, -0.27425749897956847, 0.22954908646643163, 0.89732457511127]
[0.4806799963116646, -0.13874528259038926, 0.428990963101387, 0.3491629287600517]
[0.6446409594267607, -0.2012266606092453, 0.29076763838529585, 0.596652141585946]
[-0.03631218411028384, 0.2305380456149578, 0.04552451372146607, -0.08785869814455509]
[0.9183982774615288, -0.2715787053108215, 0.21389228627085688, 0.8937162654474378]
[-0.09443524479866028, -0.18887048959732056, -0.1752629866823554, 0]
